IN_BYTES,IN_PKTS
32,1
32,1
32,1
32,1
32,1
32,1
32,1
40,1
56,1
59,1
70,1
70,1
70,1
78,1
78,1
78,1
78,1
80,2
92,1
92,1
96,1
96,1
100,2
100,2
100,2
100,2
100,2
100,2
100,2
100,2
100,2
104,2
104,2
104,2
104,2
104,2
104,2
104,2
104,2
104,2
104,2
104,2
106,2
106,2
106,2
106,2
106,2
106,2
106,2
106,2
108,1
108,1
110,2
110,2
112,2
112,2
114,2
114,2
114,2
114,2
122,2
122,2
122,2
122,2
122,2
122,2
122,2
122,2
122,2
122,2
122,2
122,2
122,2
122,2
122,2
122,2
122,2
122,2
122,2
122,2
122,2
122,2
122,2
122,2
130,1
130,1
145,1
145,1
147,1
165,1
171,1
171,1
172,1
172,1
205,1
229,1
234,3
234,3
234,3
234,3
234,3
234,3
234,3
234,3
381,1
402,2
468,6
468,6
492,7
504,1
504,1
504,1
504,1
505,1
505,1
505,1
505,1
510,1
510,1
510,1
510,1
511,1
511,1
511,1
511,1
520,1
520,1
520,1
520,1
521,1
521,1
521,1
521,1
522,1
522,1
522,1
522,1
523,1
523,1
523,1
523,1
600,7
744,5
744,5
744,5
912,6
966,6
1092,14
1231,4
1231,4
1231,4
1231,4
1231,4
1231,4
1235,4
1235,4
1235,4
1235,4
1416,3
1416,3
1416,3
1416,3
1419,3
1419,3
1419,3
1419,3
3061,27
3324,10
4006,11
4195,16
4471,27
7241,11
